3 0.114305
4 0.037633
5 0.019383
6 0.025774
7 0.022756
8 0.011857
9 0.018539
10 0.012565
11 0.009029
12 0.009754
13 0.004965
14 0.007637
15 0.008489
16 0.006821
17 0.005182
18 0.005977
19 0.004491
20 0.004646
30 0.003614
40 0.003010
50 0.003501
60 0.002904
70 0.002769
80 0.002218
90 0.003122
100 0.002859
110 0.003076
120 0.002488
130 0.002744
140 0.002532
150 0.002700
160 0.002758
170 0.002345
180 0.002424
190 0.002310
200 0.002698
300 0.002405
400 0.002468
500 0.002348
600 0.002276
700 0.002375
800 0.002284
900 0.002261
